-48	63
-24	-88
15	0
0	0
8	-16
0	8
-32	-32
31	15
23	8
31	39
0	-24
-24	0
23	15
-32	-24
103	15
15	-32
0	15
8	39
-8	-24
23	-40
-24	-32
-24	15
-48	31
0	-32
23	-8
0	-8
-80	39
-8	23
0	79
47	15
39	95
8	-16
23	63
15	-48
8	71
8	55
-40	-32
-8	-40
-8	-16
-40	-8
15	63
55	-24
-24	47
55	31
-16	-48
63	-8
-8	15
103	47
-24	15
23	55
39	-32
0	-24
-24	0
-16	-24
-64	55
0	-32
39	8
31	39
103	-48
39	-56
0	-8
8	39
0	79
-24	-127
-127	-64
8	0
15	39
-24	-103
-32	-8
23	31
0	87
-48	47
15	8
0	39
31	0
63	-32
8	0
39	63
23	-48
118	71
23	0
31	0
71	31
79	-16
-64	-48
55	31
-16	39
47	39
31	-24
23	8
-40	-40
-24	23
-40	-16
0	-8
-103	-64
-72	0
-8	-56
0	-8
79	-16
-103	-16
55	-8
-103	0
31	-40
8	-8
79	8
-16	-72
-72	-48
-48	-24
-64	-40
55	63
-8	8
-24	-48
-56	-56
-32	-80
-72	-64
-80	8
-8	15
47	15
47	15
-32	-32
63	31
55	0
39	-56
15	-64
47	71
0	0
23	55
55	39
31	55
87	0
0	55
79	-40
-111	-80
-56	-48
-24	-103
-8	-8
-119	-8
-24	-24
-32	8
0	39
15	-40
23	0
-56	15
71	23
0	0
15	15
-32	23
-95	-56
-16	31
-88	23
15	39
8	-16
23	-24
-24	0
23	31
-32	-16
-24	23
0	-8
-16	-48
-8	-24
-40	-40
23	-56
-48	23
-24	31
8	-32
39	15
-32	23
15	-48
-8	23
15	31
0	23
47	-8
8	0
0	15
-48	-48
15	79
0	-24
15	79
71	15
15	-16
47	0
-16	-80
-24	-16
79	39
55	103
31	-8
23	31
-48	-32
-64	-103
15	39
-56	23
0	-32
-8	-8
-8	-32
-80	15
31	31
-88	8
0	23
-48	-32
0	15
-24	-8
31	0
-24	31
-72	39
47	-16
-8	-64
-56	31
-56	39
63	39
-16	47
23	-24
15	-16
-40	-72
-40	-48
-56	55
15	-8
-24	-40
0	-24
-56	-72
-16	0
23	-48
71	87
-32	-24
79	-40
23	-56
71	0
15	-8
118	8
-8	0
63	-40
23	15
47	31
71	47
0	-40
-24	15
-40	47
63	8
31	-16
-16	-8
71	71
8	-8
15	8
-40	-32
47	15
31	23
55	8
55	31
31	23
15	-64
8	8
-16	-24
0	23
0	-56
39	0
-40	-24
0	55
-32	0
63	55
-48	-8
63	-24
-72	0
-72	-56
-8	-72
55	-72
71	31
-32	-24
-24	-32
-80	63
-16	87
71	8
15	63
0	8
55	0
0	63
71	47
23	31
63	-8
15	-40
8	-48
-24	-56
-88	-88
-64	-103
-56	8
-80	-56
-56	-40
31	47
8	47
-95	31
55	47
63	39
47	63
55	-32
15	39
23	-88
8	-48
-64	0
-48	8
-56	23
39	-8
-95	0
8	-111
-16	-64
-32	-111
55	-8
63	31
47	-48
47	71
79	63
0	15
47	-24
0	15
-72	-40
0	0
-48	0
-32	0
8	0
-56	55
47	31
-16	31
-32	-88
-16	-32
8	-32
-64	0
-16	-56
95	39
79	31
55	-32
15	-8
79	-48
-8	-64
0	-72
8	0
-32	23
8	0
-24	8
-24	15
0	15
15	-8
0	15
55	55
31	8
-32	15
-40	-24
47	-32
-48	0
-64	0
-24	-8
55	87
39	39
47	-24
15	55
0	0
23	31
8	-32
-32	-56
63	-56
-16	-64
-88	23
-16	-40
-24	39
15	-56
71	-16
-16	-8
-24	-40
-40	-40
8	-40
-64	-48
-56	0
-48	-8
-72	0
-48	31
71	39
-48	39
39	-8
31	-32
31	-8
31	31
-16	-32
8	31
-103	-119
15	15
0	-24
-80	55
79	47
23	87
-16	23
55	8
15	-72
-80	-40
15	-40
-56	63
-16	8
-8	-80
-8	-24
-40	15
-24	-16
-16	15
-16	-48
-40	63
79	79
15	55
39	39
31	-40
-8	-24
-48	55
31	71
63	23
8	8
8	-48
39	0
0	79
0	-88
15	8
-48	15
39	55
-24	0
-40	-16
-56	31
0	-40
23	0
31	-64
-48	-8
-16	31
31	31
0	0
23	71
87	0
-64	-16
-40	15
-56	-40
63	55
23	0
39	79
0	55
0	31
0	23
-8	-8
-32	-40
0	-24
-48	8
31	-24
-56	-16
-8	0
8	-8
103	-16
-8	0
-95	-16
-8	0
-8	63
23	39
-8	-24
15	0
8	15
-16	39
0	-56
23	47
-32	-48
23	-64
0	-8
47	0
55	39
55	15
31	-64
-40	0
-16	55
0	8
-32	63
71	23
55	-16
8	-80
55	47
-32	-80
0	-24
0	63
23	31
-64	-24
15	0
-48	39
-56	8
-16	0
-24	47
23	-8
-48	-64
0	63
-88	-64
79	47
31	118
47	-16
-16	-48
47	0
-56	-64
-32	-32
47	39
-24	-64
-56	-64
71	0
23	55
15	47
8	8
31	-32
0	0
0	15
8	-32
-48	31
0	-24
8	-48
-16	-40
-32	-16
47	15
15	8
71	15
-32	-8
-64	8
-32	-8
55	8
47	-40
-8	-16
-32	31
-8	47
-24	-16
-8	0
8	8
47	55
55	-40
63	55
23	0
0	15
-16	-32
15	0
-40	0
0	47
-56	-8
63	-32
0	23
-32	39
-32	8
31	-24
8	0
-32	-80
-8	-24
-88	23
-16	47
-24	0
63	63
63	0
-48	0
-48	-72
0	-40
-80	23
39	-64
15	8
8	-88
63	0
0	-48
-32	31
23	-32
0	23
23	-16
31	23
-24	-56
-8	23
-24	-48
15	39
47	95
55	55
47	-40
-72	15
0	-56
-16	-32
55	8
-80	-8
55	55
-64	-40
-8	31
8	63
-32	15
-8	95
15	63
79	63
8	-72
-8	-80
-16	0
-48	-48
15	23
118	55
-8	-8
15	15
-16	0
-16	15
87	31
15	71
63	-24
-8	-56
-56	-16
-56	0
23	0
8	8
8	8
-16	0
-24	-8
-88	-95
-8	-40
-8	0
8	55
-8	39
39	15
79	47
0	23
71	47
-88	-111
71	0
0	-8
-80	63
8	-95
-103	23
-32	31
23	87
-56	31
-8	-8
8	47
8	-48
0	-72
-56	-56
87	47
8	8
8	-8
103	39
-88	39
-32	-72
-48	-16
-64	8
0	8
-40	15
-16	31
-40	23
0	-16
15	8
15	-8
79	87
-103	15
39	47
-40	-32
47	23
71	31
-32	55
-8	0
95	118
15	39
-48	15
0	-32
-40	47
8	-72
15	23
0	31
47	23
71	39
0	47
-16	0
95	39
39	55
31	-16
-8	0
15	15
0	-24
-16	-72
0	-8
23	-40
-56	-127
-95	31
-16	71
-24	-8
-16	0
23	8
-56	-8
-72	55
15	0
-24	31
-32	0
55	31
8	-40
-24	0
0	-24
-24	-56
0	-8
-8	-64
-16	15
0	23
0	0
-48	-16
-24	23
-56	111
39	63
95	-8
23	0
0	-32
39	47
-48	0
47	95
-16	55
39	8
0	39
39	-8
-40	8
-8	-64
-48	-8
31	87
23	8
103	0
-32	23
-32	39
-8	15
-48	23
31	8
15	8
23	-32
-95	-103
31	-8
-56	47
-8	-64
-24	23
-24	0
23	15
0	0
-48	-16
-80	-40
15	15
-24	31
-16	-16
0	55
15	55
-32	-16
15	8
55	55
8	15
-8	63
63	0
8	15
39	47
55	55
-32	8
39	-32
-40	-72
-24	47
15	0
39	-95
-56	-40
-32	-80
-80	-48
-40	8
8	95
-40	-32
-16	55
-8	-8
39	31
-24	8
8	23
-8	-16
-32	-24
-48	8
-111	-32
31	-16
-32	-16
79	79
0	47
15	-8
8	31
95	-8
-32	-88
39	55
31	71
39	31
-8	-32
-8	-40
39	63
15	47
-16	-48
0	0
-16	8
-40	-24
-72	-24
-8	-32
-8	0
-103	15
-40	23
8	8
0	-24
0	-24
-8	39
-56	31
31	23
15	15
23	-24
-16	0
-24	15
-56	23
-32	15
55	39
55	31
39	63
-16	-24
8	63
-40	-32
-95	-127
8	-32
31	31
0	-8
-48	0
-40	31
-64	-40
39	79
-40	39
-32	0
-32	71
39	-64
15	-8
23	-56
-16	-40
-40	8
-32	-40
-40	-88
31	15
-24	-16
103	31
0	39
31	47
0	-16
0	-24
-16	8
63	0
23	95
-24	-32
-24	79
47	-119
-40	-95
-8	31
-16	0
-48	-16
-24	39
0	-8
-24	47
-56	87
-32	31
71	0
-16	-16
-32	0
-8	31
0	15
-48	-56
47	23
55	-56
95	63
-16	39
111	71
-40	15
79	79
-8	8
-48	55
15	-16
-72	-24
23	8
55	-24
23	55
15	8
-32	0
-32	47
-24	-64
-32	-72
-56	-143
-16	0
0	8
0	-40
-72	-48
-16	79
-24	-48
23	-24
-8	0
23	-32
23	-16
87	71
23	39
0	111
31	39
31	39
-16	-8
0	-8
0	-24
-40	-24
0	0
-24	-24
0	8
8	-8
8	31
-32	-16
95	71
63	23
23	-72
23	87
0	31
-8	-24
0	-119
-24	63
-56	-8
8	8
-32	-32
-8	-16
-8	15
47	8
47	8
71	15
63	-16
15	-8
-8	23
-16	71
-8	31
8	-56
0	-48
-40	-40
-24	8
-32	31
23	47
-8	-24
-8	15
15	0
-64	-32
39	47
8	-16
15	-8
8	-24
-48	63
-24	55
55	63
47	71
103	23
15	-16
-8	0
47	71
47	87
8	39
103	63
31	47
23	39
15	15
-32	15
23	8
-72	-32
-88	23
0	8
-48	-95
-111	15
0	47
15	-24
-8	-8
23	55
31	15
47	79
-32	-56
-88	-32
71	47
-103	8
71	39
8	79
47	31
23	-88
79	31
-16	-56
31	-16
47	-32
-88	-64
0	-56
23	-24
47	87
-88	79
47	15
47	31
-8	55
15	55
95	23
0	-16
15	71
31	-80
31	118
23	95
0	8
95	0
-56	-48
71	47
0	-48
-16	39
-88	55
-40	-48
-8	55
-111	0
-72	39
39	15
55	47
87	8
71	55
-48	8
15	55
-40	-40
-72	-24
-16	-72
-8	8
0	-24
15	71
111	47
87	15
118	39
39	31
71	103
15	39
23	23
-64	23
15	55
39	31
-8	15
-24	-48
23	8
-56	-48
-32	31
39	87
15	55
103	15
8	55
47	47
-48	-72
-16	39
-72	15
23	-32
-40	63
39	55
-24	8
71	39
-16	-32
103	15
-24	-8
8	8
-40	47
-48	87
71	23
31	63
47	15
23	31
-24	15
-16	-56
-32	-48
-56	95
95	31
-16	-16
87	87
15	0
23	31
-72	23
55	-48
-48	8
31	31
55	63
95	95
-32	-32
-24	-80
0	39
-95	-40
8	39
-24	-16
8	0
15	-8
15	79
0	-16
15	31
15	39
23	47
-24	0
71	23
0	8
8	63
-48	-88
-32	-24
-40	-32
-24	23
0	-16
23	31
47	71
95	-24
31	15
-16	39
-16	-32
-32	0
-32	63
-72	-56
15	-8
-48	15
87	-48
0	31
-88	79
-48	23
0	8
23	39
63	23
47	39
8	55
23	15
-16	-16
79	39
-95	8
-8	79
31	8
31	31
0	-32
47	8
-16	39
8	-16
-8	-88
-88	-48
15	8
-16	-16
-8	63
55	15
-24	-64
-56	31
-32	0
55	63
-32	-40
-40	0
0	-24
23	15
-24	39
55	-32
23	8
-16	63
8	-64
-56	63
15	39
-40	47
63	15
8	-8
-56	0
-135	-64
-72	0
-127	-48
-24	-32
-32	-16
-8	8
-95	-8
15	103
63	23
-32	126
-24	23
15	55
63	-56
0	-40
-16	-24
-24	-16
-16	8
-119	-95
79	47
-95	39
23	55
31	-16
31	47
-127	55
-95	-95
-72	-72
-8	-16
-16	-8
63	63
-32	31
-32	-40
31	0
0	31
23	0
-16	-40
-80	0
-64	0
47	-16
-16	47
71	8
-24	-16
-72	-48
-88	39
63	31
39	23
-56	-16
-80	-8
-24	31
-48	0
39	8
15	31
-64	55
8	-16
23	63
15	15
8	23
63	0
-56	-32
-95	-56
8	0
8	8
0	8
87	-64
-24	87
0	31
-24	55
39	0
-103	-64
-95	47
-16	-48
-32	-8
0	-32
-103	31
39	-24
95	55
-32	8
63	0
-111	47
63	23
-64	15
0	23
-24	-48
-64	-40
0	79
-95	55
0	-24
-40	0
0	95
-32	-8
71	87
15	-8
-40	-8
0	63
-16	39
-48	31
8	55
31	87
8	0
31	95
-64	-32
-48	-48
8	-95
-72	-8
-143	-72
-32	55
0	8
79	8
-16	31
-16	8
-32	-24
-8	-88
15	-24
-48	-8
-8	-48
55	63
8	-64
39	-40
-64	0
71	39
0	0
71	55
63	23
-16	31
-56	-32
-56	39
15	71
31	0
-88	-32
-24	15
-48	-8
-56	8
63	71
79	8
-8	-40
-24	39
15	47
111	15
126	63
198	71
118	87
55	63
87	39
-8	8
23	63
55	-32
47	39
63	63
-16	0
0	-56
-8	39
-72	47
0	39
-48	-16
8	0
0	111
55	39
8	39
71	-8
47	39
-16	8
23	0
47	-8
-56	87
87	55
39	23
-24	-56
-48	-24
-48	8
55	0
79	-8
15	47
23	-32
-24	-56
-111	-32
-48	0
-8	8
-48	23
-8	79
39	39
23	-32
31	0
-8	23
-56	-32
-24	-8
39	8
15	23
103	-40
-95	-119
0	8
8	0
8	39
-16	23
39	71
-8	0
39	23
47	0
55	55
15	8
-16	79
0	39
8	0
-48	15
-8	-40
0	-88
63	15
47	39
-16	-24
-40	23
31	-56
15	0
-16	0
47	31
-88	-24
-32	-8
31	55
-24	-48
-8	-16
-48	-24
-48	-48
0	0
111	8
-24	39
8	-16
71	23
-8	39
47	-8
79	-24
-72	0
47	79
79	8
31	47
-40	0
-16	-16
8	-64
-95	31
8	-32
-24	23
-8	31
31	0
15	-8
-16	31
15	-16
8	55
87	-48
-8	47
8	-40
0	-16
-16	-64
-40	-40
-32	-95
55	0
-8	-56
71	39
8	71
71	-16
-64	31
-8	8
-8	8
31	-24
47	87
55	71
8	-16
15	-40
31	63
47	31
31	23
-48	-8
79	-16
-64	-64
39	23
-24	15
8	-16
0	0
-16	-8
-16	8
-40	-64
0	71
-40	39
8	71
-16	15
-32	15
8	-16
-8	-32
-16	-32
23	-103
55	-64
0	-24
63	15
8	55
31	15
55	-8
23	-72
-8	39
63	47
79	87
79	31
-56	-56
0	-32
-32	-48
-32	-64
-103	-16
-48	-64
-88	8
31	15
-32	63
15	47
55	55
87	63
55	103
55	55
15	-80
-64	15
8	47
-48	-95
-40	-40
8	79
47	-24
-80	71
-24	8
39	63
-40	-16
-119	23
-48	111
174	134
190	31
63	0
158	0
158	111
158	71
142	8
126	39
31	8
8	63
111	39
23	-40
0	15
55	-24
63	63
23	-8
-127	-88
-8	15
-88	-95
15	23
-88	-80
-88	-16
15	-48
23	-64
-32	-56
0	23
15	15
71	-88
0	-40
-88	-72
-80	-24
-56	-16
-32	-8
-56	-32
-24	103
-16	-32
0	55
-56	-88
23	23
23	47
0	-8
39	47
-24	39
31	-32
0	0
-88	-40
-48	-32
-127	0
-64	-32
23	31
23	-16
79	87
-32	0
0	-24
31	-32
-16	39
-16	15
95	15
111	39
-56	-72
0	8
-56	0
-80	63
-40	15
23	39
-72	-16
-48	-40
8	0
-32	-40
8	-80
15	-119
-56	79
0	23
71	-32
-32	-16
0	-8
-40	-56
-16	31
-24	-24
0	-24
0	-16
8	47
95	15
-16	-8
15	8
31	31
-32	39
47	0
0	-8
-56	95
0	111
23	47
-64	-40
0	15
-24	-8
-32	-16
-40	47
8	39
-16	8
-56	0
-40	-8
-8	103
63	134
79	-56
-24	-32
47	-8
31	0
-56	15
15	-48
15	0
-48	-16
-72	-80
-48	8
-72	111
8	55
95	8
-24	31
0	0
-32	-24
15	39
31	47
-72	55
-48	-48
-80	103
15	71
87	103
39	39
-8	15
-24	39
-16	31
15	0
23	87
79	55
-64	-16
0	-40
-8	15
23	95
103	134
15	55
8	-8
-32	23
47	15
0	31
0	-48
8	-32
23	-40
-16	8
0	-95
-72	-16
0	-72
-40	0
63	8
0	55
87	-32
-24	-32
-111	0
31	55
-16	39
15	31
39	47
55	-32
-40	39
39	55
31	15
39	47
39	63
150	87
8	-16
0	71
-24	-32
-16	8
15	-56
-88	-72
-56	-72
-111	8
8	-8
-72	-56
31	-8
39	-16
23	55
-16	55
-32	8
-8	15
0	0
39	55
-111	-88
0	-151
-95	-80
-103	118
-40	0
55	15
-32	15
95	15
-24	55
-8	47
-8	-40
31	-40
0	0
0	15
71	15
-56	-88
-16	47
31	-48
8	31
-48	31
95	-8
-16	-40
79	0
0	23
0	-16
0	47
55	47
39	158
63	95
23	0
31	-16
0	-24
-24	-48
-16	23
-64	-48
-64	-56
31	15
79	0
15	55
47	-8
71	134
0	15
-16	-32
-16	15
-64	-64
8	-48
-16	-24
23	-16
95	87
8	23
8	0
23	-40
55	87
31	-64
55	31
-32	63
-56	47
0	-48
8	111
-64	-80
23	8
47	23
8	-64
-32	0
0	8
39	8
-24	-40
87	0
-24	-48
0	31
0	-40
8	-32
-56	-16
47	79
8	-8
31	8
-48	-64
23	39
-16	55
47	-16
95	0
0	0
-32	23
55	15
15	47
-16	-88
-64	-95
0	8
31	95
0	-32
39	47
-48	31
47	-24
63	55
55	39
0	-24
31	-24
31	23
31	0
63	15
55	63
-32	-56
39	-24
23	71
8	71
71	47
63	55
31	-8
-48	23
-16	0
-16	31
55	-32
-64	-88
8	55
0	15
31	23
79	23
71	15
15	23
0	-80
-8	-24
-8	39
47	31
0	15
-24	0
0	39
-8	55
47	15
39	126
-119	0
-103	-111
47	118
55	79
8	63
111	71
-16	-32
-16	39
-32	-8
15	8
-8	0
15	55
118	55
-56	0
0	15
-8	-32
-16	31
0	23
-8	8
15	39
63	31
8	-8
31	23
-24	-40
39	0
31	-24
15	15
87	39
55	-24
0	23
-24	-16
71	111
15	47
39	79
15	-32
-64	31
-8	-48
0	0
-40	-24
-88	-88
-56	-88
0	-8
8	8
-24	-64
8	-48
-8	31
55	0
23	-40
-8	-8
-16	0
-32	-8
0	8
-40	87
-88	-64
8	-24
-127	-40
-16	39
63	-8
-40	-64
15	15
-56	23
-72	-40
8	8
71	-16
8	0
8	103
63	71
31	47
-8	-32
31	23
-40	-16
-8	8
8	47
-56	-48
8	-24
-48	31
55	55
-24	-48
-8	0
-8	15
-16	8
23	0
8	-80
-8	-56
23	47
55	-40
47	39
-8	0
8	0
95	-24
8	87
63	23
55	-32
-64	39
-32	-64
0	39
15	31
-32	31
95	-32
-64	-48
-127	-72
8	47
-40	-80
8	-24
-56	-48
71	0
-80	8
-88	-88
63	-48
-8	-32
-24	15
-48	23
23	8
15	8
23	15
0	0
-32	0
-8	39
-40	23
39	-8
8	8
55	8
111	23
47	-16
-16	-16
-32	0
-24	-80
8	15
-80	8
-8	-16
15	-64
-8	-80
-8	-95
0	31
-16	-24
0	-32
8	8
8	47
-32	15
23	15
-16	-24
-56	-32
-72	8
-16	-16
0	23
-56	-32
79	71
-48	-32
31	-16
-16	-40
-64	-48
47	71
0	15
39	71
31	55
47	87
55	47
103	31
95	39
15	-40
95	23
23	55
-8	23
63	0
-16	55
-8	15
63	0
31	8
31	0
-8	-48
0	0
-72	-24
-32	71
-24	-32
-16	55
55	-32
23	0
31	-24
8	23
47	-88
8	-16
-16	-24
47	15
31	31
15	-80
23	8
-32	-40
39	-48
15	-88
-48	23
-24	-56
-8	23
79	-16
55	23
39	-16
39	-111
-40	-88
-32	23
8	-72
79	-40
8	-8
39	47
79	-64
-56	-8
31	39
-8	-32
8	-16
0	-24
-48	-24
-8	-8
15	0
23	-8
39	15
0	-8
-16	15
-40	-32
-48	-56
-16	31
63	15
-8	-24
-8	-40
-95	-16
-64	-48
55	15
0	-40
31	-32
63	-48
-8	-40
-40	-80
8	-48
23	15
-32	-16
23	-56
87	-8
15	55
71	-24
0	39
31	-40
-64	-48
-32	118
63	-16
87	39
-56	-111
0	-8
-64	-40
-64	-64
-16	-88
63	15
39	71
87	8
47	31
71	23
8	23
15	-24
71	63
8	-40
47	15
15	-32
-56	31
-32	31
39	31
0	39
-48	-64
-95	-56
-72	-64
-72	63
8	-40
-48	-64
-64	-56
-24	-24
0	-24
71	111
0	-16
63	55
15	63
23	39
-56	-80
-16	-24
-88	0
31	-8
-16	-32
0	0
-56	-80
-16	-24
-24	31
0	23
47	23
55	55
95	71
31	47
31	31
15	-16
15	39
23	-64
55	31
15	-72
63	15
39	0
39	-32
0	-8
-24	-32
-8	-88
63	-64
8	8
39	-8
39	8
-32	-8
63	-16
15	-32
63	118
-64	-80
15	-72
-40	8
63	79
55	-88
0	87
39	-64
103	8
-40	15
-48	-56
87	15
-48	0
39	31
71	23
55	23
31	-8
-16	31
55	-95
-24	23
-56	-40
31	63
0	-40
103	95
71	31
95	0
39	23
47	31
55	-24
47	39
47	-16
0	47
-72	0
8	-80
8	-8
-80	-40
15	71
39	0
31	31
0	0
23	47
71	71
55	31
47	23
134	111
71	-8
-8	0
-56	-16
-56	-80
-56	-8
-56	-16
0	-8
-40	15
-24	0
-40	-16
0	15
15	-40
79	79
8	-16
8	-40
47	-8
-56	31
55	0
8	-32
-40	15
-8	23
15	-72
-80	-16
8	-48
8	-24
8	-40
8	-72
23	-8
-40	39
15	47
71	-24
39	39
47	39
55	-32
87	-8
15	0
-8	-64
23	-24
55	47
63	87
87	103
55	8
8	-88
-111	-48
118	0
-8	31
39	8
15	8
87	-88
-48	-80
8	-80
-56	-40
39	-16
47	0
55	-80
31	0
95	8
55	0
-8	8
8	39
111	-24
63	55
-8	-40
63	47
47	0
-24	55
87	-48
0	118
31	0
103	63
-24	-48
55	39
15	-24
87	55
-16	-48
23	15
8	-40
-16	63
0	15
-16	8
71	15
-103	-64
0	-72
-40	-8
-40	31
-16	-64
55	-24
-32	0
-72	0
31	8
15	-80
8	-8
63	-8
0	8
-24	-56
-24	8
-40	23
63	31
15	-32
39	15
-88	-56
-48	63
-88	-40
8	23
55	31
23	31
-32	-16
39	15
-8	-64
0	-72
39	-16
0	0
15	71
23	-56
55	-32
-40	31
79	23
39	23
118	39
-8	-40
-32	-8
39	-16
0	0
55	15
0	-16
31	15
87	95
0	0
31	39
15	87
-16	47
87	31
71	71
23	39
79	-8
31	-16
-16	8
63	-16
47	-40
55	-32
71	-8
23	0
0	0
-56	39
8	-80
23	-80
-72	-8
-88	-16
39	-72
-8	-40
95	15
-8	-40
-32	-8
-24	23
87	63
0	15
47	23
31	-88
79	-64
-72	-24
0	23
39	-8
0	63
-32	-16
-24	-64
-72	55
-8	31
95	-24
-8	-111
39	71
15	0
8	0
-32	31
0	-56
-40	-24
0	111
63	0
198	39
-48	-8
103	-8
39	-72
23	8
8	-72
39	-8
39	0
-32	55
23	0
-40	-40
-40	8
31	23
55	31
0	-24
23	15
31	0
-40	63
23	-103
47	55
0	0
0	8
-16	-103
23	47
39	15
55	-48
39	15
-56	-80
31	-56
8	-40
-16	-40
-64	0
-8	0
-119	79
31	23
47	31
39	-40
-8	-48
15	-8
-16	23
-40	8
71	8
-8	-95
-8	47
-24	8
55	0
-48	-64
-24	39
8	-48
8	23
-16	-48
-8	-72
-111	15
-32	23
-40	8
-16	-64
15	55
118	55
71	-48
-24	-40
15	-24
-40	-32
31	55
23	71
39	-8
55	-56
63	-48
0	-32
55	-32
87	23
0	8
15	55
-16	23
15	-16
-56	-72
8	-24
-48	-48
-8	-56
-72	-32
0	0
8	8
-24	47
-32	0
-24	-16
-127	8
47	71
31	39
55	-48
47	8
-64	-72
-32	-8
-40	-32
-24	-16
71	-80
15	23
-8	-48
39	15
-16	8
-16	-56
-16	-16
15	-48
8	-8
-24	15
-8	0
-48	-80
15	31
-24	-32
-8	-48
150	95
-80	-48
55	-32
-48	-40
55	-80
-72	-32
-8	55
23	31
23	-40
8	-95
39	23
-56	-16
8	0
-56	0
8	-48
47	0
31	-16
15	47
31	0
39	-16
-95	-80
-16	63
-48	-32
-40	15
-56	8
118	71
-8	23
31	63
55	-16
71	31
-32	-24
-8	-24
63	-56
31	-24
-48	0
-8	39
31	-8
-16	47
15	8
15	-56
15	0
15	-8
0	0
0	8
-16	55
23	23
71	63
31	0
103	0
-32	31
-64	-56
8	-111
39	-16
39	-24
-64	-80
-80	-72
-56	-40
63	23
23	0
0	23
63	0
55	95
47	8
87	134
-40	-48
8	-8
47	63
-8	0
39	-56
-48	-40
0	39
0	-127
-24	39
15	79
71	31
0	23
8	23
-24	-48
39	103
15	8
71	-88
-8	103
8	-24
47	-88
-8	-64
-64	47
79	15
118	0
-56	-111
-88	0
15	-40
63	-32
8	47
87	31
0	-72
-16	-48
23	-8
47	-8
-16	39
31	31
39	8
-95	8
23	-32
0	-24
103	95
-40	31
79	-80
71	39
47	0
8	-32
8	8
-72	23
31	31
31	23
0	-32
-72	-8
8	-16
31	-80
-16	-16
-32	-64
-64	-40
23	39
55	-8
39	47
8	55
63	15
15	8
0	0
-80	23
95	63
-48	39
55	-32
23	8
87	0
39	0
39	-8
47	-64
8	0
-16	-24
-80	-72
15	-40
0	0
31	-24
-80	-103
-8	-24
0	-8
-48	-24
-72	15
0	31
15	23
47	63
23	-16
8	39
87	47
-32	0
103	39
-32	-40
8	31
-8	15
23	63
134	31
47	31
8	-40
31	23
-24	-32
47	8
-40	0
-48	47
0	0
47	55
-32	15
-24	-8
0	23
23	15
-24	-8
47	8
-64	-64
-56	-32
-64	-64
-80	-56
-24	-24
55	-16
87	39
-103	8
31	-48
31	-40
0	55
39	0
31	-88
-88	-16
-24	-24
15	23
15	0
0	-24
0	8
-56	-16
-40	-56
-56	31
31	-16
-16	-24
23	31
79	55
-8	-24
0	39
-56	63
0	-64
-32	-40
-8	0
63	15
0	8
0	8
-8	-95
-24	-8
-32	8
-24	8
-72	-16
31	-24
-8	8
-167	-103
-88	-72
-8	31
-8	8
-16	-40
15	23
55	71
8	31
47	0
-32	39
39	8
23	55
15	47
39	-48
-40	23
0	0
-16	8
47	-64
15	-32
-64	0
-40	-95
79	103
23	8
8	0
39	-56
8	-16
0	-16
15	-24
31	47
31	-72
-24	15
0	71
-48	-48
0	-72
79	87
8	39
0	-72
-32	-80
-40	15
-24	-48
8	-56
0	-119
-8	-40
-56	39
-56	39
23	63
126	-48
0	15
-80	-32
-24	-56
-88	0
-8	0
-8	-95
-56	-72
63	15
-8	-8
71	55
23	-8
-80	-24
-72	-80
47	15
-24	-32
-40	-8
39	15
63	87
8	-8
55	-64
47	39
8	-32
-16	-48
-103	-40
47	31
15	-16
-48	-16
63	87
23	95
31	23
47	63
8	-8
0	0
31	8
39	23
63	-40
0	15
47	87
15	63
47	-16
0	0
-64	-8
-48	8
15	15
55	-16
63	55
-32	8
-40	-8
-24	-40
31	8
-24	-64
-40	-24
-24	47
0	-40
8	15
-24	-88
15	79
-8	-16
79	-32
-32	-40
0	15
-8	-64
-16	-16
-8	-56
-16	8
-32	8
8	-80
71	15
71	55
63	-24
-56	23
63	8
0	-64
-48	0
-16	-64
71	23
-40	-24
23	39
0	0
47	0
79	-8
-24	63
-8	-16
79	-16
47	95
95	8
-40	-8
47	15
0	-8
31	8
31	-16
-24	-24
0	0
39	-16
0	8
-32	31
87	63
71	79
79	71
55	8
63	8
-32	47
31	8
0	55
79	111
55	15
15	0
-40	0
-24	71
-40	-95
-72	0
-72	-48
-72	39
-8	0
-16	0
0	15
-24	-8
31	103
-48	-80
47	103
0	-48
55	-80
23	-8
-16	-40
-72	-88
23	31
-24	-32
-95	-80
-88	-56
0	8
8	-16
0	-32
87	0
8	-56
-24	-32
-56	-16
-8	-8
23	23
71	0
-40	-48
-56	-103
15	-16
-56	-48
-48	-24
-24	-40
15	31
-88	-32
39	-32
-48	-72
-16	15
-40	0
0	-24
15	0
39	-48
8	23
-40	-16
0	23
-8	-64
-16	8
-40	-16
-32	0
15	23
-16	47
-16	-24
-64	8
0	15
-56	23
39	31
31	0
103	71
79	23
47	15
0	47
79	63
47	-8
-48	15
-48	39
47	87
8	47
-24	39
8	-24
31	55
-8	-95
-16	-32
-8	39
-8	-8
-8	-8
-24	8
-40	0
0	0
15	47
31	63
-8	15
31	39
39	23
15	-24
103	55
31	-8
103	95
-56	-40
-24	15
-32	-48
79	23
-40	-8
-24	-24
0	23
0	-40
-8	47
-16	31
-103	-95
-48	55
39	55
0	63
0	-40
-56	0
-24	23
-103	-40
-8	-24
31	63
8	-56
87	-8
0	-64
8	15
15	55
23	-56
-32	55
15	-40
8	47
103	31
39	87
39	39
31	0
0	55
39	47
103	63
79	-95
-16	0
-143	-16
-24	-56
15	0
-32	-32
0	-8
-32	31
-8	-16
39	-64
15	23
31	-8
0	8
39	31
0	-56
0	31
47	15
0	-32
87	23
8	0
39	0
-88	-48
-16	8
0	-8
-24	-64
0	-56
0	-32
15	47
55	55
31	-48
-24	-56
-48	8
-8	-16
-16	0
15	0
39	0
23	-24
0	-40
15	-24
-16	-24
-40	39
-48	-48
15	0
-32	0
-80	0
8	23
-56	15
23	63
-8	8
31	-16
-48	-8
-24	8
47	-24
-48	-16
-8	8
23	0
39	-24
15	-48
8	-72
15	0
0	-32
39	-24
0	63
23	-8
39	-48
111	134
166	158
277	222
206	206
229	126
71	31
142	166
190	23
158	206
150	31
-32	47
-40	-72
-183	-80
-246	-135
-238	-111
-294	-135
-238	-135
-333	-238
-325	-294
-341	-333
-325	-127
-206	-119
-159	-127
-159	-127
-103	-80
-151	-167
-254	-135
-175	-40
-262	-159
-159	-32
-64	39
-40	15
-8	-198
-167	-127
-143	-175
-167	-80
-8	-24
55	15
63	8
8	63
55	111
8	-16
-32	47
15	-40
-32	0
-48	15
15	39
8	0
0	87
-8	47
-16	-24
79	-16
15	-8
0	31
95	63
126	71
71	-40
8	15
-48	31
87	55
31	31
63	8
182	47
79	103
95	31
118	39
237	118
111	111
182	158
293	182
174	142
325	182
253	206
293	158
237	174
364	206
261	166
253	158
174	0
15	15
103	8
111	55
-64	39
-80	-40
-405	-309
-214	523
396	483
309	317
134	23
-48	-95
-198	-56
-238	-95
-222	-175
-254	-317
-214	-294
23	8
31	134
126	71
111	8
15	-32
-135	-111
-135	23
15	103
63	23
-119	-88
-103	-95
-72	-80
-56	229
245	229
237	293
95	23
118	23
47	-32
126	0
39	8
15	39
-8	-135
-183	-111
-397	-246
-333	-278
-294	-302
-238	-183
-175	-111
-88	55
-48	15
126	111
103	111
31	31
-80	-119
-88	-64
-135	-143
-56	-32
-88	23
55	31
-72	-16
8	0
47	-24
-24	23
0	31
-72	-32
-32	-16
-95	-80
-80	0
-159	-72
-88	39
-40	-24
31	8
-56	-40
-72	-16
-111	-56
-88	-24
-8	39
8	-16
-64	-72
-72	-159
-103	-143
-111	-80
-95	0
-72	-24
0	31
55	-8
-8	23
47	118
-24	31
55	79
47	-8
47	31
8	39
63	-72
47	8
-32	23
39	126
118	63
71	126
142	118
79	158
111	71
87	134
15	23
-16	-32
-16	8
0	-8
15	15
-40	39
-16	150
31	142
31	95
31	126
87	142
31	103
39	8
0	111
-64	0
23	23
8	47
95	63
63	63
15	23
-48	71
23	166
103	55
111	111
23	71
103	79
15	-24
-48	55
118	87
150	79
15	95
95	47
47	55
-8	47
39	71
23	71
39	103
-32	-16
0	-24
-72	-72
55	31
0	-40
-8	39
-127	0
-24	-72
-95	-111
-183	-103
-95	-103
39	-32
0	-24
-24	-40
79	8
8	-64
-95	23
-8	-16
-24	31
-48	15
-24	-56
-24	-64
-16	-16
-95	-72
0	-80
-40	8
8	31
-24	-40
0	-72
-143	-16
-119	47
0	47
-56	31
0	-24
8	0
0	0
-40	-16
-48	-8
-48	8
-56	15
-56	-48
-111	-40
-48	0
-48	71
0	0
-80	-48
23	8
-40	-72
79	-32
-56	-16
-159	-72
-143	8
31	31
8	47
-24	55
55	31
-32	31
8	63
55	23
31	-8
8	8
15	39
63	-40
134	31
23	31
31	8
8	0
79	79
-24	15
23	23
-24	-24
0	-24
79	0
150	31
0	8
47	-48
-16	15
63	23
31	-16
23	-8
39	0
-64	-40
55	0
-40	31
-24	31
15	39
111	103
39	79
55	103
0	95
31	95
71	118
55	142
63	55
55	111
-24	103
0	150
-8	166
55	134
63	103
79	15
-40	31
47	63
103	15
-16	71
23	23
-32	-8
63	47
23	31
0	31
-24	31
15	71
-40	-56
-16	8
-143	0
15	23
-40	-64
47	-16
-40	55
23	-16
71	-8
63	-16
71	31
15	-40
8	23
-80	-80
-80	23
-111	-40
-56	8
-80	-16
-32	23
-8	63
15	8
-16	-32
8	-56
-143	-56
-40	15
8	-40
-88	-72
0	-16
-143	8
0	-40
-40	39
-24	15
23	-16
-48	-40
39	31
-111	0
-8	-48
8	0
-88	-16
-95	-56
-111	0
-119	-32
-48	-48
-80	-56
-48	-16
-143	-32
-56	8
-48	15
-95	-143
-64	-48
-72	0
-80	-16
-143	-80
-56	-32
-111	-8
-80	15
-64	47
-32	-32
79	118
47	55
23	23
23	-40
0	47
-24	39
79	-8
0	-72
-64	8
47	39
8	31
8	-16
0	47
-80	71
47	71
8	39
23	63
8	55
-56	0
47	150
31	15
47	87
-80	-72
-48	-24
-48	-40
-32	63
-48	-48
-56	-48
-32	0
174	95
31	71
63	79
95	87
63	103
47	174
79	71
55	8
-64	31
23	-48
-32	-40
-48	-32
-32	0
-16	-48
0	-32
-88	-32
23	47
-32	-8
-24	39
55	39
87	111
23	39
79	39
-24	87
-16	-16
-56	15
15	39
-8	39
63	47
15	15
55	8
-16	47
103	-40
0	15
8	23
-32	-64
0	-56
-16	-8
-8	-64
31	15
-32	8
-56	-80
-32	-48
-40	0
15	-8
31	23
31	-32
-119	-72
-24	8
-56	-88
-24	47
-48	-64
47	0
-32	95
8	31
0	23
39	31
-24	23
8	8
-24	8
47	-8
-24	31
8	8
-88	-24
-8	-16
71	15
15	71
-40	-24
-64	-8
47	39
-135	-48
-16	0
-64	0
-80	-24
-56	-16
-56	47
-56	-16
23	-56
-16	31
8	-8
-48	31
8	0
-95	39
-48	-16
0	63
-111	0
23	23
15	47
8	55
-64	-24
55	39
63	71
0	39
55	-8
-16	0
-56	39
63	-32
-88	15
-88	15
23	-8
-8	-8
-16	15
39	0
0	87
-16	0
23	47
-16	23
-32	31
103	23
0	95
71	0
8	-40
8	15
-32	-72
-40	-16
63	31
15	47
23	55
31	87
31	15
31	87
39	8
-32	71
39	71
47	71
63	31
23	55
-40	0
23	15
0	-16
-8	-56
-135	-16
0	-16
39	79
-80	-24
8	-8
-40	71
47	23
0	-24
0	47
31	8
111	79
-16	0
15	63
8	-48
-111	0
-111	-16
-64	-8
0	-72
-16	15
-88	-32
-16	-40
-16	0
-64	-48
-24	39
-24	8
-32	-24
-40	23
55	-16
63	31
8	-111
8	-40
-119	-24
-64	-32
31	39
63	111
71	8
8	-24
8	-8
-24	47
-64	-24
0	87
-8	15
23	8
-64	-24
-24	23
-72	8
-16	-24
15	23
-16	8
-16	-8
15	-24
-48	-16
-64	-16
-24	8
-64	8
15	8
-16	39
15	8
-32	-48
-72	-24
-80	23
-64	-103
0	-40
-127	-16
-64	0
-88	0
-72	-24
-88	-24
-111	23
-56	-32
-72	-88
39	15
-56	-24
23	55
-40	-24
-111	-80
0	23
-32	-32
-72	0
23	63
-95	-32
-8	-8
-24	71
-8	8
-16	-56
-8	-8
-40	63
63	-48
87	71
31	23
-48	-64
-40	0
-24	-24
-8	0
-24	55
8	0
-64	-32
0	15
15	-24
8	-16
-64	15
-24	63
8	-48
-56	47
-32	8
-24	8
-24	-95
-32	23
-16	-16
55	-24
103	23
-16	79
55	47
-8	-8
0	0
-16	-24
0	39
-24	55
55	71
31	0
0	-8
-24	-8
8	39
-32	-48
23	63
15	8
0	-24
-48	0
8	-88
-56	23
-103	-40
-16	-24
31	39
39	63
-24	-48
79	23
-40	-88
15	-48
-16	15
-16	-40
-64	-111
-16	-8
31	79
-32	-8
63	-72
39	-8
8	-16
-56	-40
-32	0
-64	-16
-48	-16
-8	-24
31	-32
0	47
23	71
71	15
-64	-8
79	15
15	-48
-8	-24
-8	-48
-56	-48
-56	-64
-24	-64
0	39
-32	-16
15	39
8	-32
-32	-16
-72	8
47	23
-56	-40
-48	-8
-64	-8
39	63
-88	-32
39	-48
-64	8
31	-16
-8	15
-8	-24
23	23
-24	-64
-16	8
-32	-24
55	39
-32	-56
-40	-16
-95	-8
-24	-80
-64	-24
-95	8
-16	-40
47	8
47	23
-32	0
8	8
-8	47
15	8
31	23
31	23
0	-24
23	47
39	-48
-72	-56
63	-16
-40	0
-16	-72
8	-8
8	-48
-56	-56
0	-56
55	-24
23	47
-56	-48
-32	-80
39	15
15	23
-16	0
63	15
-32	15
55	-48
-8	-119
-56	8
-16	-16
-40	8
-8	-40
-80	-48
23	15
-127	-16
-64	-40
39	47
-32	-48
31	71
-72	-64
0	-64
-8	-8
-16	39
-24	-40
23	15
-56	-32
47	8
-8	71
31	55
-40	0
47	23
-16	0
-32	-64
-56	79
23	-24
47	-16
0	0
0	-32
-8	-32
39	39
8	8
-56	39
-48	-48
-32	-72
-40	0
71	87
-103	-72
39	-32
0	55
23	15
-32	-32
0	-24
15	-32
-8	31
71	-16
-24	15
47	31
31	-8
15	-24
-40	-8
0	0
-16	-24
15	-8
-32	79
-8	71
0	31
-56	0
-8	23
-8	39
47	118
-64	23
-32	47
-24	0
-24	55
15	23
47	79
-16	-16
-8	55
-8	-40
23	95
15	55
-88	-24
15	126
-16	31
15	31
-72	0
31	87
-95	-24
31	39
-56	71
-8	63
-16	0
23	31
-16	-8
-40	71
23	79
95	71
0	23
23	71
63	87
23	87
23	118
23	182
31	47
-72	95
31	55
-16	8
-56	190
8	126
71	134
-8	55
39	15
-64	23
8	39
-32	39
23	126
-24	126
23	87
23	103
-24	103
8	63
-8	87
-16	126
-64	103
-24	158
0	142
-16	103
-16	95
-16	134
0	142
23	126
-24	79
23	190
-16	142
-16	182
-48	142
0	166
23	182
71	237
0	206
-32	158
39	190
-40	198
23	245
31	229
0	245
-8	198
0	277
-8	206
31	293
-40	317
15	388
15	317
8	348
-48	222
-8	348
-24	348
-40	301
-80	293
15	285
-48	340
39	332
8	309
8	214
-32	325
-64	309
79	301
0	285
47	356
-8	261
8	309
-127	269
47	317
-48	325
-32	325
15	293
8	404
31	396
8	182
55	348
-8	269
-40	229
-8	253
15	261
-8	285
39	317
79	332
-16	293
23	420
95	332
55	261
-8	325
15	332
-40	317
-80	285
-127	237
-103	166
-24	126
0	229
-24	253
0	245
-16	293
8	269
-48	229
8	285
0	277
55	229
39	285
31	261
-16	229
55	309
-8	261
-16	237
-24	245
-16	229
-16	198
0	277
-16	174
-64	103
-40	118
-64	166
-24	134
0	134
8	79
23	174
47	134
0	166
15	126
15	95
8	150
-8	87
79	142
23	126
71	174
-40	-8
-80	15
0	15
0	87
-24	-8
31	79
15	55
15	23
47	47
8	79
-24	103
39	118
31	103
31	71
-8	71
31	142
-16	87
-40	0
-56	-24
8	-48
-135	-56
-48	15
0	31
-48	8
31	79
71	47
87	95
0	79
174	39
-72	-32
-32	8
-8	-16
-16	0
63	23
63	23
87	31
-56	-8
-32	-48
-40	-88
-40	15
31	23
8	79
71	-32
39	87
-24	23
39	15
39	47
47	23
-24	0
-40	-48
-48	-8
-8	-48
-8	-8
-40	-8
-32	-64
8	-24
-8	47
31	-40
47	55
-56	-24
-56	-16
8	0
-103	15
23	0
31	8
111	31
71	15
0	-56
0	-24
8	-32
47	-8
0	-48
63	39
79	-24
-16	0
-16	-40
-40	-80
-32	-103
-72	-143
-16	-32
47	-24
55	-88
15	23
0	-48
39	-16
-64	-56
8	23
-8	-8
39	15
47	0
-24	-40
55	55
-16	-111
-72	-64
-111	-119
-8	15
63	0
87	39
79	-183
-40	0
-24	-64
-8	-103
8	-64
23	-64
23	-80
-40	-88
47	-32
31	-56
23	-48
-64	-143
39	-40
-80	-119
15	-80
-16	-135
-103	-103
-16	-48
-64	-143
-40	-159
-40	-88
79	-56
-24	-80
31	-48
0	-40
47	23
23	55
55	-32
0	-64
-56	-64
-95	-16
-40	-135
23	-72
-95	39
-16	8
31	-103
-40	-72
-72	-24
-64	-64
31	-16
-24	-64
23	39
-32	-88
-16	23
-80	-95
0	-80
-48	-56
-16	0
-8	-95
63	23
47	15
0	-56
15	8
-48	-48
-24	-24
-16	-72
-24	-40
47	-32
47	0
8	0
-16	31
47	55
8	15
-16	0
-40	95
63	-16
-48	15
47	95
0	15
0	15
0	15
-8	0
79	55
8	-8
63	8
-32	39
0	-8
31	-64
-24	95
-48	39
0	23
15	-40
0	23
-8	47
8	63
0	47
79	-56
-40	15
15	71
0	-24
-24	79
95	47
31	87
39	8
111	87
15	15
-40	31
0	55
55	8
0	-24
71	0
23	47
63	-32
15	-16
-56	0
0	-48
0	-8
-8	39
23	-8
-40	15
8	-16
95	8
0	-8
23	31
-48	8
15	23
47	47
-32	0
-95	-32
23	55
0	-8
-40	15
-40	0
-16	23
-95	134
-40	111
111	166
-8	166
87	150
-48	55
-56	158
-8	31
23	63
-103	-16
55	23
79	71
8	8
-32	23
-32	15
31	23
8	63
23	-24
-48	55
63	-8
71	71
8	71
23	0
15	39
39	15
-16	55
0	-16
-32	15
-40	-32
-24	63
8	15
-64	23
-32	-32
8	79
8	23
95	47
47	63
15	47
-16	55
39	55
71	31
-8	63
63	47
8	63
39	79
15	87
55	63
0	79
0	134
0	63
15	71
-40	0
0	87
-16	-24
-16	39
-16	-16
23	31
-48	31
-8	103
79	-16
71	-16
-8	39
-64	-8
63	55
15	63
15	79
-40	39
55	95
39	87
55	71
-8	0
31	0
-56	23
8	39
-8	39
79	55
31	71
0	55
55	55
47	39
0	47
71	31
39	8
23	95
0	-16
15	-8
8	8
8	-8
15	23
0	-16
-24	15
0	0
-16	0
15	-8
47	126
31	23
-72	8
8	-8
39	79
31	0
-48	-40
103	31
-32	31
-16	31
55	8
0	8
39	0
15	23
39	8
15	-8
-32	-24
0	39
-16	8
23	0
8	-8
-24	111
23	31
0	8
-24	-32
15	-64
-16	-8
-32	0
23	47
0	0
23	15
0	31
-40	63
-32	-80
-64	63
-24	-32
-40	47
15	31
-72	-32
8	15
-40	-24
-32	0
23	0
111	31
0	0
-16	0
-24	-16
8	0
-64	71
-40	23
31	55
31	47
15	-56
15	71
31	23
15	23
63	8
-48	0
-8	23
-48	-16
-16	-16
-24	15
111	15
31	55
47	-8
63	103
-48	-24
-56	55
31	15
23	0
8	-24
-95	-32
8	-72
0	-88
-88	-40
-24	-24
15	0
103	63
-32	47
23	-56
63	8
0	47
-72	-72
23	-8
-16	-64
-8	-24
0	0
0	63
15	-32
8	-127
39	0
-80	-103
8	47
-8	-56
63	-8
-40	31
63	55
-24	-24
-32	23
31	15
79	31
-24	-32
-24	-16
8	0
-56	-24
8	0
-32	8
0	0
-24	-8
15	47
0	0
23	0
31	-40
8	31
-48	0
0	63
39	-40
-40	-48
31	8
39	8
-72	0
-8	-8
31	79
8	39
47	87
111	15
47	23
31	79
71	-32
-32	-40
71	-8
39	79
31	39
-8	8
-8	15
103	-32
-8	-64
-48	-32
-16	-80
15	-24
47	23
8	31
0	-72
-32	-48
55	0
-24	0
-119	-48
0	23
-40	0
-48	23
47	-16
39	-8
-32	-32
-40	47
31	8
-32	-16
15	47
-88	31
-24	-32
47	0
15	31
-24	-80
-80	-40
-32	31
0	-24
0	71
79	0
79	23
-72	-8
23	8
-64	15
-32	0
-24	-40
23	23
47	-48
-16	-40
-80	-95
-48	-80
-127	-72
15	-40
15	0
-8	-16
-16	8
0	0
15	-64
15	-40
-24	-16
-8	-24
0	-16
-48	-64
8	-32
-40	15
47	0
-64	-32
-48	-48
55	15
-56	23
23	0
55	55
15	-24
-48	-40
103	-80
8	-8
0	15
0	8
87	-16
31	-8
31	-16
23	15
23	63
31	-56
8	-8
71	-32
-32	0
39	0
8	8
-64	23
15	-8
0	8
8	31
-32	23
-80	47
-16	-40
39	0
-8	-16
-8	-8
-16	-95
-80	-16
-24	23
-16	-8
79	15
-8	8
-56	-72
-8	15
-40	-72
55	8
23	8
39	-95
-72	-8
15	-8
23	-111
-40	39
31	-48
-16	-16
8	-8
-8	-56
79	31
8	47
0	-8
0	-95
8	23
-64	-48
-8	-24
-8	-103
47	23
-8	-56
0	-48
-40	-56
23	8
-16	-95
23	0
31	-8
8	-72
71	0
-64	31
0	-8
31	-24
15	-8
8	-32
103	-24
-56	-48
-80	-24
-64	-16
0	-80
-16	-32
0	-56
8	-40
-8	-32
-56	23
87	8
0	23
79	-24
31	23
15	-8
-8	-48
-16	-48
-40	-40
15	-24
23	-16
-72	8
-16	-127
63	-56
-88	0
8	-56
-56	-72
-8	-88
0	0
71	8
71	87
-95	-88
0	-32
71	-24
8	0
8	-56
0	-64
-8	-72
-16	-48
23	0
-48	-48
15	0
39	8
-16	-24
47	31
55	15
-16	23
95	-48
15	-56
15	-8
31	-40
23	-72
15	-40
8	-80
47	-24
-8	-103
-24	-40
-8	-56
8	-8
23	-16
-24	-16
-32	-8
-8	-24
31	-16
-48	8
-8	-16
39	23
0	-16
-8	-32
47	-111
-8	-72
-80	0
-40	-16
47	-40
23	47
95	-40
0	8
47	-95
39	23
-80	-80
23	-24
-32	0
47	15
-88	-40
55	23
15	-32
-72	-32
-8	-95
23	-16
-32	-24
-24	-48
0	-80
-56	-80
8	-127
31	-72